5 1
/*[1 0 1 0 0 0 0 0 1 0 1 0 1 0] [ 1.  3.  9. 11. 13.] [6.]*/
/*[0 0 0 0 1 0 1 0 1 0 1 0 1 0] [ 5.  7.  9. 11. 13.] [2.]*/
/*[1 0 0 0 0 0 1 0 1 0 1 0 1 0] [ 1.  7.  9. 11. 13.] [4.]*/
/*[1 0 1 0 1 0 1 0 1 0 0 0 0 0] [1. 3. 5. 7. 9.] [12.]*/
/*[1 0 1 0 1 0 1 0 0 0 0 0 1 0] [ 1.  3.  5.  7. 13.] [10.]*/
/*[1 0 1 0 1 0 0 0 0 0 1 0 1 0] [ 1.  3.  5. 11. 13.] [8.]*/
/*[0 0 1 0 1 0 1 0 1 0 1 0 0 0] [ 3.  5.  7.  9. 11.] [14.]*/
7


1 5
/*[0 1 0 1 0 1 0 1 0 0 0 0 0 1] [ 2.  4.  6.  8. 14.] [11.]*/
/*[0 1 0 1 0 1 0 1 0 1 0 0 0 0] [ 2.  4.  6.  8. 10.] [13.]*/
/*[0 1 0 0 0 0 0 1 0 1 0 1 0 1] [ 2.  8. 10. 12. 14.] [5.]*/
/*[0 1 0 1 0 1 0 0 0 0 0 1 0 1] [ 2.  4.  6. 12. 14.] [9.]*/
/*[0 0 0 0 0 1 0 1 0 1 0 1 0 1] [ 6.  8. 10. 12. 14.] [3.]*/
/*[0 0 0 1 0 1 0 1 0 1 0 1 0 0] [ 4.  6.  8. 10. 12.] [1.]*/
/*[0 1 0 1 0 0 0 0 0 1 0 1 0 1] [ 2.  4. 10. 12. 14.] [7.]*/
7


4 2
/*[0 0 1 0 1 0 1 0 1 0 0 0 0 0] [3. 5. 7. 9.] [12. 14.]*/
/*[0 0 0 0 1 0 1 0 1 0 1 0 0 0] [ 5.  7.  9. 11.] [ 2. 14.]*/
/*[0 0 0 0 0 0 1 0 1 0 1 0 1 0] [ 7.  9. 11. 13.] [2. 4.]*/
/*[1 0 1 0 0 0 0 0 0 0 1 0 1 0] [ 1.  3. 11. 13.] [6. 8.]*/
/*[1 0 1 0 1 0 1 0 0 0 0 0 0 0] [1. 3. 5. 7.] [10. 12.]*/
/*[1 0 1 0 1 0 0 0 0 0 0 0 1 0] [ 1.  3.  5. 13.] [ 8. 10.]*/
/*[1 0 0 0 0 0 0 0 1 0 1 0 1 0] [ 1.  9. 11. 13.] [4. 6.]*/
7


2 4
/*[0 1 0 1 0 1 0 1 0 0 0 0 0 0] [2. 4. 6. 8.] [11. 13.]*/
/*[0 1 0 0 0 0 0 0 0 1 0 1 0 1] [ 2. 10. 12. 14.] [5. 7.]*/
/*[0 1 0 1 0 1 0 0 0 0 0 0 0 1] [ 2.  4.  6. 14.] [ 9. 11.]*/
/*[0 0 0 0 0 0 0 1 0 1 0 1 0 1] [ 8. 10. 12. 14.] [3. 5.]*/
/*[0 1 0 1 0 0 0 0 0 0 0 1 0 1] [ 2.  4. 12. 14.] [7. 9.]*/
/*[0 0 0 1 0 1 0 1 0 1 0 0 0 0] [ 4.  6.  8. 10.] [ 1. 13.]*/
/*[0 0 0 0 0 1 0 1 0 1 0 1 0 0] [ 6.  8. 10. 12.] [1. 3.]*/
7


3 3
/*[0 0 0 0 1 0 1 0 1 0 0 0 0 0] [5. 7. 9.] [ 2. 12. 14.]*/
/*[0 0 1 0 1 0 1 0 0 0 0 0 0 0] [3. 5. 7.] [10. 12. 14.]*/
/*[1 0 1 0 0 0 0 0 0 0 0 0 1 0] [ 1.  3. 13.] [ 6.  8. 10.]*/
/*[0 0 0 0 0 0 0 0 1 0 1 0 1 0] [ 9. 11. 13.] [2. 4. 6.]*/
/*[0 0 0 0 0 0 1 0 1 0 1 0 0 0] [ 7.  9. 11.] [ 2.  4. 14.]*/
/*[1 0 0 0 0 0 0 0 0 0 1 0 1 0] [ 1. 11. 13.] [4. 6. 8.]*/
/*[1 0 1 0 1 0 0 0 0 0 0 0 0 0] [1. 3. 5.] [ 8. 10. 12.]*/
7


3 3
/*[0 0 1 0 0 0 0 0 1 0 1 0 0 0] [ 3.  9. 11.] [ 6. 14.]*/
/*[0 0 0 0 1 0 0 0 0 0 1 0 1 0] [ 5. 11. 13.] [2. 8.]*/
/*[0 0 1 0 1 0 0 0 0 0 1 0 0 0] [ 3.  5. 11.] [ 8. 14.]*/
/*[1 0 0 0 0 0 1 0 0 0 0 0 1 0] [ 1.  7. 13.] [ 4. 10.]*/
/*[1 0 1 0 0 0 0 0 1 0 0 0 0 0] [1. 3. 9.] [ 6. 12.]*/
/*[1 0 0 0 0 0 1 0 1 0 0 0 0 0] [1. 7. 9.] [ 4. 12.]*/
/*[0 0 0 0 1 0 1 0 0 0 0 0 1 0] [ 5.  7. 13.] [ 2. 10.]*/
7


3 3
/*[0 0 0 0 0 1 0 1 0 0 0 0 0 1] [ 6.  8. 14.] [ 3. 11.]*/
/*[0 1 0 1 0 0 0 0 0 1 0 0 0 0] [ 2.  4. 10.] [ 7. 13.]*/
/*[0 0 0 0 0 1 0 0 0 0 0 1 0 1] [ 6. 12. 14.] [3. 9.]*/
/*[0 1 0 0 0 0 0 1 0 1 0 0 0 0] [ 2.  8. 10.] [ 5. 13.]*/
/*[0 1 0 0 0 0 0 1 0 0 0 0 0 1] [ 2.  8. 14.] [ 5. 11.]*/
/*[0 0 0 1 0 0 0 0 0 1 0 1 0 0] [ 4. 10. 12.] [1. 7.]*/
/*[0 0 0 1 0 1 0 0 0 0 0 1 0 0] [ 4.  6. 12.] [1. 9.]*/
7
