-1.066614673732913054e+01
-1.018368661939119946e+01
-9.937642247099873316e+00
-9.937565160869212377e+00
-9.783715767062107105e+00
-9.783715767062103552e+00
-9.720440031282324256e+00
-9.720440031282318927e+00
-9.706778217394269603e+00
-9.420141483570532159e+00
-9.420141483570526830e+00
-9.170263984374610544e+00
-9.170263984374596333e+00
-9.161944792995639020e+00
-8.968183564469914160e+00
-8.967974379280947872e+00
-8.942529595664305830e+00
-8.845234060330190218e+00
-8.845234060330188441e+00
-8.822875029260535129e+00
-8.822755340254639478e+00
-8.818450825324504194e+00
-8.742948859862568867e+00
-8.591927250831192353e+00
-8.587771195575214733e+00
-8.524175475748057451e+00
-8.524133948862862908e+00
-8.438002460690116280e+00
-8.267311577666109912e+00
-8.215170777772099697e+00
-8.105789615109012303e+00
-8.012013539472141233e+00
-8.012013539472135903e+00
-8.001014048842009174e+00
-8.001001331522722637e+00
-7.960682272553690986e+00
-7.960682272553689209e+00
-7.846084420879232191e+00
-7.846084420879229526e+00
-7.830380031406997787e+00
-7.830380031406997787e+00
-7.790288147728179347e+00
-7.790288147728173129e+00
-7.790197620291270830e+00
-7.790162453167121193e+00
-7.754732071483493527e+00
-7.704723892987474620e+00
-7.590905277805402918e+00
-7.590905277805396700e+00
-7.519173311110743718e+00
-7.519173311110738389e+00
-7.516535511332388175e+00
-7.454786441631254590e+00
-7.454786441631251925e+00
-7.399471896248098979e+00
-7.399471896248094538e+00
-7.362149763487150445e+00
-7.362149763487148668e+00
-7.355657652773134103e+00
-7.355301162830158113e+00
-7.246999789561696659e+00
-7.246999789561693994e+00
-7.176525559374090868e+00
-7.176355896108231214e+00
-7.123527079738792622e+00
-7.053174894104517811e+00
-7.053174894104508930e+00
-6.991053777921954371e+00
-6.990489834886685294e+00
-6.990417739504305672e+00
-6.954451732679102882e+00
-6.954451732679102882e+00
-6.932774080693880236e+00
-6.892487254457927648e+00
-6.887336767913325275e+00
-6.842740474052972033e+00
-6.842740474052971145e+00
-6.836064215321457915e+00
-6.825737895793745125e+00
-6.825719883303070112e+00
-6.771620176800251301e+00
-6.746167493671812565e+00
-6.746167493671809900e+00
-6.714876546936339174e+00
-6.702118775900084202e+00
-6.701983139486912933e+00
-6.682136558902580958e+00
-6.662161236003965037e+00
-6.657139034111000164e+00
-6.657139034110999276e+00
-6.639995658101878639e+00
-6.634793982410906565e+00
-6.634735107830947776e+00
-6.618924192981055832e+00
-6.618888402439767837e+00
-6.613856721916988590e+00
-6.607678857008508544e+00
-6.607678857008508544e+00
-6.549724007871126297e+00
-6.549601020124119266e+00
-6.547601547366547869e+00
-6.547601547366546981e+00
-6.519748590273170663e+00
-6.501008435271928398e+00
-6.501008435271927510e+00
-6.450046358028165727e+00
-6.449962288187874648e+00
-6.439876583862639947e+00
-6.439876583862636394e+00
-6.435873539119943310e+00
-6.375211429436002497e+00
-6.311533706697978197e+00
-6.311533706697978197e+00
-6.310383198038351793e+00
-6.259254509317456083e+00
-6.259070960818357676e+00
-6.256570155445911219e+00
-6.256570155445909442e+00
-6.207468249403782501e+00
-6.207305116784607613e+00
-6.195652695742074556e+00
-6.181713234206444696e+00
-6.181713234206442920e+00
-6.107490624776967358e+00
-6.107490624776967358e+00
-6.101620701567131988e+00
-6.082987445856410602e+00
-6.074098562780951838e+00
-6.073830047029980861e+00
-6.072810886868527547e+00
-6.060639440798318844e+00
-6.060639440798316180e+00
-5.983810009113208039e+00
-5.983787702546463194e+00
-5.947787144803700521e+00
-5.937627500754185661e+00
-5.937627500754182996e+00
-5.917748041577549856e+00
-5.917748041577548079e+00
-5.908972678618142460e+00
-5.885151705953635570e+00
-5.850791758743597804e+00
-5.850713187517355252e+00
-5.831171048016708269e+00
-5.831171048016707381e+00
-5.808302740994140123e+00
-5.808302740994139235e+00
-5.792758454895778897e+00
-5.757141773357340675e+00
-5.737371859979353950e+00
-5.737371859979353950e+00
-5.714219055508784173e+00
-5.714219055508781508e+00
-5.712844198220569325e+00
-5.712729495459996087e+00
-5.706088468315151374e+00
-5.666391613016244833e+00
-5.666391613016243056e+00
-5.643837808007302392e+00
-5.643837808007301504e+00
-5.615278394777326376e+00
-5.615278394777325488e+00
-5.599420223182244527e+00
-5.599226096183395285e+00
-5.585075967284905296e+00
-5.557921750127159832e+00
-5.557921750127158944e+00
-5.540554068061432247e+00
-5.540554068061430470e+00
-5.530188775649603983e+00
-5.522124051759313090e+00
-5.522087318602753925e+00
-5.520092038263873846e+00
-5.514136237030426102e+00
-5.514136237030423437e+00
-5.499844963428777156e+00
-5.499844963428773603e+00
-5.435512603930781950e+00
-5.416571002540301549e+00
-5.416481134236589057e+00
-5.404882789703168378e+00
-5.404882789703168378e+00
-5.391696567912735105e+00
-5.391696567912731552e+00
-5.373303295854702455e+00
-5.373038240066437154e+00
-5.357789132095889251e+00
-5.357789132095888363e+00
-5.338556907944646213e+00
-5.334571910236198811e+00
-5.334571910236197034e+00
-5.315484049639623620e+00
-5.287223680293295480e+00
-5.272122370603267605e+00
-5.272122370603265828e+00
-5.263400599674483260e+00
-5.250825135980334402e+00
-5.246793937443049671e+00
-5.246694853671231229e+00
-5.246156143572355823e+00
-5.246007790447022145e+00
-5.212713982772302579e+00
-5.212713982772301691e+00
-5.186824195466106069e+00
-5.186824195466106069e+00
-5.152486577344267182e+00
-5.152486577344265406e+00
-5.141904334945960997e+00
-5.141904334945960109e+00
-5.123832660784036541e+00
-5.123430642220816011e+00
-5.102246770928533515e+00
-5.102246770928530850e+00
-5.081041456252441080e+00
-5.076581153942368196e+00
-5.047422501280511398e+00
-5.047422501280509621e+00
-5.028972850675168083e+00
-5.028972850675166306e+00
-5.025048144799531435e+00
-5.021609500154375461e+00
-5.021609500154374572e+00
-4.998028636226199417e+00
-4.998028636226198529e+00
-4.997092538350953461e+00
-4.996996629731811801e+00
-4.971748686126538530e+00
-4.968362828684634636e+00
-4.962321568447724651e+00
-4.962271268364078836e+00
-4.923500609027629871e+00
-4.898073560024991835e+00
-4.898073560024990947e+00
-4.896793524367934580e+00
-4.896793524367933692e+00
-4.889674879023566234e+00
-4.889632987786634466e+00
-4.866225037251284746e+00
-4.858632863908863619e+00
-4.842046144113188788e+00
-4.842046144113188788e+00
-4.837142266837865634e+00
-4.813569617568035142e+00
-4.813457446759758618e+00
-4.807014533216985797e+00
-4.766144176690190193e+00
-4.766144176690189305e+00
-4.728540582800891734e+00
-4.722551927052192511e+00
-4.706837139571700135e+00
-4.706837139571699247e+00
-4.687509457810413060e+00
-4.687509457810412172e+00
-4.660537733502785329e+00
-4.651932380117603572e+00
-4.651823718519670692e+00
-4.630663241155496657e+00
-4.611197064525678790e+00
-4.611197064525677014e+00
-4.605750550576026114e+00
-4.602950580895879718e+00
-4.602828010067665510e+00
-4.601489774454315729e+00
-4.595451883150128758e+00
-4.595451883150126982e+00
-4.591936837451017439e+00
-4.581032444529482994e+00
-4.580887671098838432e+00
-4.567320318877341023e+00
-4.567320318877340135e+00
-4.565690280037355109e+00
-4.558106342180331616e+00
-4.516498986982637298e+00
-4.516471238912017405e+00
-4.504843449126703092e+00
-4.504843449126700428e+00
-4.490620002081799456e+00
-4.481656652534034890e+00
-4.481656652534033114e+00
-4.456003875825595095e+00
-4.455321154132487749e+00
-4.455321154132485972e+00
-4.440235519857814062e+00
-4.440011088498187597e+00
-4.435780379448758026e+00
-4.411177852278562739e+00
-4.409311591857523638e+00
-4.409286240591576700e+00
-4.409286240591575812e+00
-4.403821347595232361e+00
-4.403796739400798188e+00
-4.377179840157856994e+00
-4.377093338163126290e+00
-4.372936343012350235e+00
-4.372936343012349347e+00
-4.351264054921598401e+00
-4.340354473029583993e+00
-4.340152513437631754e+00
-4.339845147031702766e+00
-4.330446947844361461e+00
-4.325785346885461458e+00
-4.314570089730274560e+00
-4.314570089730274560e+00
-4.295937803466839178e+00
-4.295937803466838290e+00
-4.288456347299842264e+00
-4.288314338893774114e+00
-4.286808982597244189e+00
-4.272385344630333037e+00
-4.272338596336645367e+00
-4.257746116509415479e+00
-4.246230401203669125e+00
-4.246230401203668237e+00
-4.229858986714039482e+00
-4.205933867825719652e+00
-4.205933867825719652e+00
-4.191104494593774099e+00
-4.190955021692200688e+00
-4.185667386919020849e+00
-4.185667386919019961e+00
-4.165833815681389218e+00
-4.165706774193995265e+00
-4.153998163534216026e+00
-4.153998163534215138e+00
-4.141642268179627884e+00
-4.141642268179627884e+00
-4.134721710242104109e+00
-4.134721710242103221e+00
-4.124918117331715983e+00
-4.114253583698745942e+00
-4.096833679792014848e+00
-4.096092118746192945e+00
-4.090358287205430265e+00
-4.090358287205430265e+00
-4.076868436040197885e+00
-4.076749709032734259e+00
-4.066009325135309105e+00
-4.036267652494786695e+00
-4.036267652494785807e+00
-4.014902437888478559e+00
-4.014902437888477671e+00
-4.008190890504569559e+00
-4.003050191187443652e+00
-4.002957524126811606e+00
-3.978591901271802733e+00
-3.952895798011575756e+00
-3.952825292869696749e+00
-3.951926721481608507e+00
-3.951926721481606286e+00
-3.923395319805309978e+00
-3.923395319805309978e+00
-3.913918730812106173e+00
-3.906440309031715685e+00
-3.906440309031711688e+00
-3.905676790625395078e+00
-3.904921786271219997e+00
-3.890122072026403810e+00
-3.890122072026402478e+00
-3.881066042878715816e+00
-3.861310782463341251e+00
-3.857058857765805371e+00
-3.857050609635852556e+00
-3.850035331866795474e+00
-3.850035331866793253e+00
-3.835816097307675143e+00
-3.835816097307674255e+00
-3.829233402928114316e+00
-3.801326345920174266e+00
-3.801326345920171157e+00
-3.774839138735754496e+00
-3.774627425823384730e+00
-3.770483356051627322e+00
-3.767082764850444576e+00
-3.742834922764659122e+00
-3.742834922764658234e+00
-3.741233679953853919e+00
-3.741233679953853031e+00
-3.737853401655668151e+00
-3.737408461611842814e+00
-3.734731080616795040e+00
-3.725029193963968144e+00
-3.722825203618705281e+00
-3.722825203618705281e+00
-3.721301315502385965e+00
-3.709359371478524903e+00
-3.702300864319784335e+00
-3.702300864319783447e+00
-3.690720783448692810e+00
-3.687243078599930612e+00
-3.687057683983984813e+00
-3.677560022094416237e+00
-3.677560022094414904e+00
-3.634531784625098183e+00
-3.634531784625097739e+00
-3.626919885192978477e+00
-3.625597612003911951e+00
-3.625438357034773240e+00
-3.621430973591221125e+00
-3.621430973591220237e+00
-3.592686518468778178e+00
-3.592686518468775958e+00
-3.589963319164437117e+00
-3.583366122725494041e+00
-3.583366122725493597e+00
-3.537261991600856970e+00
-3.529916554991459510e+00
-3.529916554991458177e+00
-3.528051081212419948e+00
-3.528051081212419948e+00
-3.520851838924341504e+00
-3.507222828433731010e+00
-3.503008495103191233e+00
-3.502986152739429038e+00
-3.496807848494301485e+00
-3.496807848494300597e+00
-3.488365246695629640e+00
-3.488170833637356250e+00
-3.464060922189637459e+00
-3.464049107112715298e+00
-3.454607668963026068e+00
-3.454607668963024292e+00
-3.453709596980289565e+00
-3.440085853972343788e+00
-3.421747843598896388e+00
-3.416512756599957346e+00
-3.416512756599956457e+00
-3.413362940097217635e+00
-3.413362940097217191e+00
-3.387016661194401035e+00
-3.384166173781567810e+00
-3.384166173781566922e+00
-3.376632489741969501e+00
-3.372000781366012223e+00
-3.371932459272139582e+00
-3.367926327501368444e+00
-3.367926327501368000e+00
-3.366956073903459412e+00
-3.366956073903458968e+00
-3.349521115809932947e+00
-3.349474362186643628e+00
-3.341606560740959520e+00
-3.316433141677131768e+00
-3.309944098380856126e+00
-3.306441391693812015e+00
-3.306441391693812015e+00
-3.300601434125506550e+00
-3.300601434125505662e+00
-3.293094678197992842e+00
-3.285175355937013819e+00
-3.285175355937013375e+00
-3.260066320260766926e+00
-3.259958727713307081e+00
-3.258751350497267829e+00
-3.258751350497267385e+00
-3.252359187417498188e+00
-3.252359187417497743e+00
-3.245218176367607121e+00
-3.242039752313628398e+00
-3.241909124840952394e+00
-3.233651286602673203e+00
-3.215273698769915534e+00
-3.210248098157175267e+00
-3.210248098157175267e+00
-3.206649716880717094e+00
-3.206649716880715761e+00
-3.204489182661478530e+00
-3.204433784910639460e+00
-3.193426635408764369e+00
-3.183529943294288955e+00
-3.183499257541787753e+00
-3.179375723208121229e+00
-3.159364355240364297e+00
-3.159364355240363853e+00
-3.152268109885118186e+00
-3.152268109885117298e+00
-3.151997345407460571e+00
-3.139951801827405298e+00
-3.139902839530493317e+00
-3.127694780259912211e+00
-3.115580434315295744e+00
-3.115580434315295300e+00
-3.083940085292746325e+00
-3.071975463523968664e+00
-3.071975463523968219e+00
-3.067710591695516076e+00
-3.067710591695515188e+00
-3.067135833590996175e+00
-3.067076031914555134e+00
-3.055865152345567992e+00
-3.041684163072240654e+00
-3.041469474298907461e+00
-3.039922297880023105e+00
-3.039922297880021773e+00
-3.034031198867449763e+00
-3.034031198867447987e+00
-3.033811706540370245e+00
-3.033728571822082110e+00
-3.033391539298961437e+00
-3.014905447610277456e+00
-3.014905447610276124e+00
-3.008786589049365467e+00
-2.993056929909988284e+00
-2.991210945075032601e+00
-2.991142557686624848e+00
-2.977998194132400744e+00
-2.977998194132400744e+00
-2.953516424633935156e+00
-2.946298933247720964e+00
-2.946298933247720075e+00
-2.925295299601889720e+00
-2.925295299601888832e+00
-2.923224079835736067e+00
-2.915214249898325338e+00
-2.915214249898324450e+00
-2.910377677882686420e+00
-2.906872651224036375e+00
-2.906766422150758089e+00
-2.896883178168796924e+00
-2.896883178168796480e+00
-2.887775343390253990e+00
-2.875551635592372257e+00
-2.875551635592372257e+00
-2.867084179874325400e+00
-2.867084179874325400e+00
-2.864084201568244836e+00
-2.853687394626655216e+00
-2.845182626395112102e+00
-2.845004318523667752e+00
-2.805406353800850017e+00
-2.805274179193944839e+00
-2.805274179193943951e+00
-2.805183924666962980e+00
-2.786790688381641790e+00
-2.786790688381640901e+00
-2.764723355267296068e+00
-2.764262369098962058e+00
-2.763936148419300576e+00
-2.746218873051316844e+00
-2.746218873051316844e+00
-2.745910196977526585e+00
-2.741664249040137502e+00
-2.733980547824855556e+00
-2.733593317900324671e+00
-2.733593317900324227e+00
-2.730588224210877879e+00
-2.730588224210876991e+00
-2.721288258424547468e+00
-2.709794727249848378e+00
-2.709142156248936395e+00
-2.709118934298419212e+00
-2.703669038633145227e+00
-2.703669038633144783e+00
-2.685081002781822601e+00
-2.685081002781822157e+00
-2.684260158374161431e+00
-2.674378099587993773e+00
-2.674378099587993329e+00
-2.664006682843182094e+00
-2.663700644359116243e+00
-2.657538493744902475e+00
-2.657528923499066220e+00
-2.653324118105236717e+00
-2.653324118105236273e+00
-2.624375102833999218e+00
-2.620538579387182487e+00
-2.620538579387182487e+00
-2.612022900277328752e+00
-2.605804846919752116e+00
-2.605804846919751672e+00
-2.581369720672793910e+00
-2.581324896854950701e+00
-2.574679061312941553e+00
-2.563024962188087397e+00
-2.563024962188086953e+00
-2.556612539024262443e+00
-2.552372835206998758e+00
-2.532577568767298004e+00
-2.532577568767297116e+00
-2.529210338380516898e+00
-2.529115253833747801e+00
-2.528742207845324774e+00
-2.523502642683114860e+00
-2.523502642683114416e+00
-2.496568789806396182e+00
-2.491914845143527124e+00
-2.487843176391149491e+00
-2.487843176391149491e+00
-2.471461654859488100e+00
-2.456100033314506881e+00
-2.456100033314506881e+00
-2.440365416292513245e+00
-2.440266660989535374e+00
-2.437139298896829231e+00
-2.437139298896828343e+00
-2.436191130207372879e+00
-2.413696966879905315e+00
-2.413603421998422593e+00
-2.412832590177898862e+00
-2.412832590177898862e+00
-2.381891970583708051e+00
-2.381890001329820983e+00
-2.373187902150215134e+00
-2.373187902150215134e+00
-2.372650399572434843e+00
-2.372650399572434843e+00
-2.369627056664513454e+00
-2.367260463241598778e+00
-2.357081316824441330e+00
-2.356877156894371605e+00
-2.346992772143273953e+00
-2.343255319182341978e+00
-2.343255319182341090e+00
-2.339460890074081867e+00
-2.329058231741074625e+00
-2.329058231741074625e+00
-2.322630364397957337e+00
-2.322541714065112561e+00
-2.310413793531342463e+00
-2.303336037757226507e+00
-2.303336037757225174e+00
-2.298860118704871613e+00
-2.298716518697155209e+00
-2.290782444408243634e+00
-2.284180567702567721e+00
-2.284180567702567721e+00
-2.279962265783679776e+00
-2.266105783373932425e+00
-2.266048961217631330e+00
-2.252388417436905321e+00
-2.252388417436904877e+00
-2.248959555762863882e+00
-2.245555379861317036e+00
-2.242528849247964917e+00
-2.242528849247964029e+00
-2.231438040738009221e+00
-2.219886497441942108e+00
-2.212107820097110267e+00
-2.204994120231014154e+00
-2.204994120231014154e+00
-2.204658169505282928e+00
-2.201588119139576083e+00
-2.201588119139576083e+00
-2.187458359992998425e+00
-2.187360504233139658e+00
-2.175682323501043403e+00
-2.175682323501042958e+00
-2.161553569281324361e+00
-2.160107722086528792e+00
-2.157168752604878392e+00
-2.157168752604878392e+00
-2.155099020821765077e+00
-2.144574523431627355e+00
-2.144463573189958172e+00
-2.142533894272101058e+00
-2.137320147722548747e+00
-2.132990111094020591e+00
-2.132922838387292686e+00
-2.123136204985188957e+00
-2.122980566172710581e+00
-2.112798059955352414e+00
-2.112798059955352414e+00
-2.101546758468795240e+00
-2.101546758468794796e+00
-2.082189311776551310e+00
-2.082062049080307453e+00
-2.078878932046020367e+00
-2.075466558161061403e+00
-2.075466558161061403e+00
-2.071951930130339292e+00
-2.064936507034353053e+00
-2.064936507034353053e+00
-2.060385280799925223e+00
-2.049025542185562987e+00
-2.049025542185562543e+00
-2.044234361440680825e+00
-2.039388652710053318e+00
-2.039388652710052874e+00
-2.035088077701599385e+00
-2.011351598603451141e+00
-2.011325895477326764e+00
-2.009504793225941999e+00
-2.009504793225941555e+00
-1.977982622067836260e+00
-1.966534046653165335e+00
-1.966534046653165335e+00
-1.959371888041798071e+00
-1.956272329458566883e+00
-1.955668715406414293e+00
-1.955668715406413627e+00
-1.954897241137925290e+00
-1.949372025749253501e+00
-1.946183428640521074e+00
-1.946071809970649769e+00
-1.935569363766169060e+00
-1.926604881313778384e+00
-1.926514939271101179e+00
-1.923635203717455555e+00
-1.923635203717455555e+00
-1.890937930085125007e+00
-1.890937930085124563e+00
-1.889884765291876656e+00
-1.883110207414844917e+00
-1.882973460286775813e+00
-1.881859911302030675e+00
-1.868581021901416506e+00
-1.860748846602444662e+00
-1.858478869830655578e+00
-1.858278105650027490e+00
-1.852189282566584216e+00
-1.852189282566583328e+00
-1.852065608231273641e+00
-1.824750166452114186e+00
-1.824750166452114186e+00
-1.815080653779137076e+00
-1.803454249268074516e+00
-1.803449264035770438e+00
-1.802461931881912616e+00
-1.802461931881912172e+00
-1.799710030692095675e+00
-1.799710030692095009e+00
-1.786953511380239945e+00
-1.786953511380239501e+00
-1.770147821787006359e+00
-1.770147821787005915e+00
-1.769080721828167446e+00
-1.762997816099464599e+00
-1.762997816099464155e+00
-1.752618791523380848e+00
-1.752566139674890389e+00
-1.748048717654794082e+00
-1.741162239397509248e+00
-1.741162239397509248e+00
-1.736753953523225036e+00
-1.731795037337283683e+00
-1.731771454462848636e+00
-1.707654664368121189e+00
-1.702594184001329225e+00
-1.697991317052693461e+00
-1.697991317052692795e+00
-1.696152760891658451e+00
-1.696089840104007207e+00
-1.695618628534597994e+00
-1.695618628534597550e+00
-1.694869386983003601e+00
-1.689441381241204576e+00
-1.689441381241203466e+00
-1.685378208520503129e+00
-1.685283434348061382e+00
-1.648258856365652392e+00
-1.648258856365651948e+00
-1.648185393164422585e+00
-1.632544321927411390e+00
-1.628698776537328641e+00
-1.628698776537328419e+00
-1.622037603161430308e+00
-1.616937350564616516e+00
-1.608311610026125438e+00
-1.608253190501693464e+00
-1.601223955845478830e+00
-1.601223955845478386e+00
-1.598942598933828174e+00
-1.594522554892531696e+00
-1.594522554892531696e+00
-1.575145476159798275e+00
-1.575145476159798053e+00
-1.571619895576144232e+00
-1.571614966923016610e+00
-1.570928570171424399e+00
-1.550104296537469617e+00
-1.550104296537468951e+00
-1.536779447067279980e+00
-1.534745103604325367e+00
-1.534745103604324923e+00
-1.530506836543420901e+00
-1.530492827811164247e+00
-1.520975805668771663e+00
-1.508222180589092520e+00
-1.508222180589091632e+00
-1.501119464181450924e+00
-1.494195238885062338e+00
-1.488972555864574776e+00
-1.488972555864574554e+00
-1.482086888781249723e+00
-1.482041303623259365e+00
-1.471583057206468981e+00
-1.470165555797130930e+00
-1.470165555797130263e+00
-1.466298672353960830e+00
-1.466289735587304133e+00
-1.461382051434114926e+00
-1.461382051434114704e+00
-1.442351974035255946e+00
-1.442351974035255724e+00
-1.430874994053484395e+00
-1.425631949735218340e+00
-1.425631949735218118e+00
-1.423837152870480294e+00
-1.408200306504694854e+00
-1.405239803977765600e+00
-1.405239803977765600e+00
-1.396519433037862967e+00
-1.396464667123131109e+00
-1.395260900832482776e+00
-1.385194465061140301e+00
-1.385194465061138969e+00
-1.382177255295774732e+00
-1.382017051313163103e+00
-1.382017051313162881e+00
-1.358281998372625310e+00
-1.358218015358699571e+00
-1.346189201764411258e+00
-1.346189201764410370e+00
-1.344302748200534525e+00
-1.333500311016761142e+00
-1.333500311016761142e+00
-1.329661052665714882e+00
-1.309582964844320241e+00
-1.308944762988516697e+00
-1.308944762988515809e+00
-1.307988733569468431e+00
-1.307988733569468209e+00
-1.304859620041435520e+00
-1.304759961734744511e+00
-1.290588005849100384e+00
-1.286976986179346305e+00
-1.286911036826547949e+00
-1.284925606294153644e+00
-1.281750066109516251e+00
-1.281750066109516029e+00
-1.269850283896853282e+00
-1.240745782290780141e+00
-1.240745782290779919e+00
-1.227974730208492238e+00
-1.227974730208491128e+00
-1.223459638211097822e+00
-1.223451586150100967e+00
-1.214970291612655240e+00
-1.208452133029432218e+00
-1.204283082971764784e+00
-1.204283082971764340e+00
-1.195760748239888871e+00
-1.195593592903921865e+00
-1.195263527660944458e+00
-1.195263527660943792e+00
-1.188658061531663757e+00
-1.162260566655557437e+00
-1.162260566655557437e+00
-1.157000148466731382e+00
-1.154271189793363739e+00
-1.152543917570066245e+00
-1.150940899469997669e+00
-1.150844503246518435e+00
-1.149289984251999908e+00
-1.133199069925342473e+00
-1.133199069925341806e+00
-1.125104486505596135e+00
-1.125104486505595469e+00
-1.122625422400812090e+00
-1.122500457696538723e+00
-1.122084530874240649e+00
-1.122084530874240649e+00
-1.116035209164767616e+00
-1.116035209164767394e+00
-1.092854818492330127e+00
-1.092854818492329683e+00
-1.084170717919243909e+00
-1.084170717919243687e+00
-1.080107576010482795e+00
-1.077704682830590954e+00
-1.077635132763716141e+00
-1.077055796043384417e+00
-1.077055796043383751e+00
-1.075468810355806992e+00
-1.072627531850385063e+00
-1.072627531850385063e+00
-1.054112238040843419e+00
-1.054044644782110351e+00
-1.032147786318901694e+00
-1.032147786318901472e+00
-1.021833053339251451e+00
-1.021592670699734917e+00
-1.017283009899206281e+00
-1.014176693860222800e+00
-1.014176693860222578e+00
-1.006386659014727014e+00
-1.000141664650429751e+00
-9.999441532536976762e-01
-9.976527767914032951e-01
-9.913644946613539011e-01
-9.913644946613537901e-01
-9.904768911540452470e-01
-9.904768911540452470e-01
-9.810475915936692770e-01
-9.808582957759612864e-01
-9.738358467681637043e-01
-9.470998096776955810e-01
-9.470998096776952480e-01
-9.367245356933459055e-01
-9.366313902919460865e-01
-9.268482839468348278e-01
-9.268482839468341616e-01
-9.263729137837030114e-01
-9.258743414178195463e-01
-9.255163705592043266e-01
-9.210979385219441040e-01
-9.210979385219436599e-01
-9.060660512375632303e-01
-9.058575429889479391e-01
-8.932203011569025408e-01
-8.882796275496238625e-01
-8.880455973593662788e-01
-8.850054112028917785e-01
-8.835381025100038643e-01
-8.834880624134960891e-01
-8.834880624134958671e-01
-8.749932093504193542e-01
-8.663373802171661087e-01
-8.662820637440332705e-01
-8.547580297207518774e-01
-8.547580297207514333e-01
-8.504391354723851437e-01
-8.353044692422620932e-01
-8.353044692422617601e-01
-8.212670706372053875e-01
-8.212670706372049434e-01
-8.025188550132441589e-01
-8.025188550132433818e-01
-7.845953577387411171e-01
-7.845953577387410061e-01
-7.772741980449415777e-01
-7.731907090213162581e-01
-7.731907090213160361e-01
-7.698415000064828817e-01
-7.602773452332137749e-01
-7.562784858715513314e-01
-7.561243242376720630e-01
-7.315811094859859809e-01
-7.315811094859856478e-01
-7.311183414120918655e-01
-7.309749726413823367e-01
-7.274170019729888637e-01
-7.274170019729880865e-01
-7.268322140944190046e-01
-7.265621331859335452e-01
-7.203682270128041187e-01
-7.203682270128037857e-01
-7.048269981720964861e-01
-7.048269981720962640e-01
-6.928050080761450902e-01
-6.927945174064461531e-01
-6.914184655396017343e-01
-6.829776454074825143e-01
-6.790803619024206039e-01
-6.790803619024200488e-01
-6.766163168198583433e-01
-6.764954547140941132e-01
-6.670946842705490765e-01
-6.614895666717116596e-01
-6.614895666717104383e-01
-6.481717467444325642e-01
-6.437741346230760886e-01
-6.437741346230754225e-01
-6.383812632293922595e-01
-6.383345592914368982e-01
-6.366616292527608190e-01
-6.352023478110874199e-01
-6.352023478110868648e-01
-6.289432096668016170e-01
-6.124335003314094195e-01
-6.122806091247708915e-01
-6.053611775049122512e-01
-6.053611775049116961e-01
-6.028286961525879395e-01
-5.955894288203149589e-01
-5.955894288203140707e-01
-5.816769103078024417e-01
-5.623328169902174212e-01
-5.623328169902166440e-01
-5.355118572019802459e-01
-5.355118572019795797e-01
-5.352400330267447215e-01
-5.350966135490301534e-01
-5.230835007882190801e-01
-5.230835007882188581e-01
-5.197779166737591661e-01
-5.167051613552402500e-01
-5.163562884214510929e-01
-5.112518044641204407e-01
-5.112518044641201076e-01
-5.057271528944152772e-01
-5.057105798579678568e-01
-5.030709568934275122e-01
-5.030709568934269571e-01
-5.014169298101379679e-01
-4.979114542271512733e-01
-4.823894009303285602e-01
-4.804657415159960254e-01
-4.781481569672943466e-01
-4.780031386868278664e-01
-4.677018371643736350e-01
-4.677018371643736350e-01
-4.560763374119384816e-01
-4.500973412287828102e-01
-4.498686013353518920e-01
-4.469184429770460265e-01
-4.469184429770455269e-01
-4.340461015858515514e-01
-4.293742519375740030e-01
-4.293742519375739475e-01
-4.147572740870372199e-01
-4.139694347292576238e-01
-4.139694347292566801e-01
-4.059273878065071117e-01
-3.956236991987510665e-01
-3.955348644497199140e-01
-3.904019452975954763e-01
-3.904019452975947546e-01
-3.796137576447398687e-01
-3.796137576447391471e-01
-3.649072822475681321e-01
-3.648169011839997866e-01
-3.600377000206359535e-01
-3.600377000206357314e-01
-3.455880513204478421e-01
-3.431455274463128258e-01
-3.429709186358408379e-01
-3.381377419158355657e-01
-3.290734723592224631e-01
-3.198955809796010796e-01
-3.198955809796010241e-01
-3.146262275166885058e-01
-2.973339707290281186e-01
-2.973339707290280076e-01
-2.836987243888949850e-01
-2.802232171405658612e-01
-2.802232171405655836e-01
-2.580436699106106735e-01
-2.579157545575196386e-01
-2.577970737917710808e-01
-2.577970737917710253e-01
-2.569348767420691071e-01
-2.547893872377738345e-01
-2.547893872377734459e-01
-2.454119861747365294e-01
-2.376070612543303984e-01
-2.376070612543303429e-01
-2.286610270359978880e-01
-2.136458868892908702e-01
-2.136458868892907870e-01
-2.124979770935325474e-01
-1.895716838395880011e-01
-1.895716838395878068e-01
-1.715806770061664155e-01
-1.714702412826947242e-01
-1.608352841268709532e-01
-1.608352841268708977e-01
-1.578793875612602704e-01
-1.498049518224825183e-01
-1.497364237293999090e-01
-1.483647025383821871e-01
-1.483647025383813545e-01
-1.364866878818134788e-01
-1.266405866722492279e-01
-1.265155546547125642e-01
-9.856885398295966993e-02
-9.846805780155400145e-02
-9.451775801805738231e-02
-9.245214085788217018e-02
-9.245214085788201752e-02
-9.092554736888050493e-02
-9.092554736888019962e-02
-7.558595624066755114e-02
-7.553196252796101628e-02
-7.075365156930789323e-02
-7.075365156930783772e-02
-6.592560766336663658e-02
-5.851891350121850993e-02
-5.671546680692913373e-02
-2.686240191351299197e-02
-2.664775251371295436e-02
-1.989052303937250756e-15
-1.903318412989575974e-15
-1.853597830541665406e-15
-1.578887430014331999e-15
-1.417765530380703264e-15
-1.185124115038529412e-15
-1.182795276462749351e-15
-1.173448808124272359e-15
-1.076078027357538904e-15
-1.038871507471791894e-15
-9.156175443446906078e-16
-8.460407205743219052e-16
-6.337463370100510762e-16
-6.178127310293542007e-16
-5.116846871029592146e-16
-4.444460214662092027e-16
-3.667733360427271253e-16
-3.154151789270982241e-16
-2.403499372440515767e-16
-1.789795091760441432e-16
-1.744968518266386853e-16
-1.026125704179556758e-16
-6.781766292704087763e-17
-5.304627178286019568e-17
2.522696820960200662e-17
1.408304651732202744e-16
1.561682024940429264e-16
3.688194339317525163e-16
4.667914685149853891e-16
6.312951564270637818e-16
6.481017755183106999e-16
6.871197986806379728e-16
6.879336383663978997e-16
8.698556402932009560e-16
9.169674231015666492e-16
9.378871257188049946e-16
9.431990684760110484e-16
1.061035481781001411e-15
1.079779245244818548e-15
1.081722986640104939e-15
1.305561943461713842e-15
1.337804328126400499e-15
1.373758451751804228e-15
1.507579330558942126e-15
1.645245258993865430e-15
1.764728063950197452e-15
2.005320924831840340e-15
2.664775251371291273e-02
2.686240191351388015e-02
5.671546680692887699e-02
5.851891350121876667e-02
6.592560766336774680e-02
7.075365156930771282e-02
7.075365156930801813e-02
7.553196252796014198e-02
7.558595624066684338e-02
9.092554736888090738e-02
9.092554736888104616e-02
9.245214085788217018e-02
9.245214085788229508e-02
9.451775801805938071e-02
9.846805780155434840e-02
9.856885398295969769e-02
1.265155546547121201e-01
1.266405866722481732e-01
1.364866878818132845e-01
1.483647025383811879e-01
1.483647025383815210e-01
1.497364237293991596e-01
1.498049518224829346e-01
1.578793875612593545e-01
1.608352841268708699e-01
1.608352841268710642e-01
1.714702412826944744e-01
1.715806770061667208e-01
1.895716838395878345e-01
1.895716838395880843e-01
2.124979770935310763e-01
2.136458868892910368e-01
2.136458868892910645e-01
2.286610270359984709e-01
2.376070612543299543e-01
2.376070612543302873e-01
2.454119861747351139e-01
2.547893872377738345e-01
2.547893872377742230e-01
2.569348767420694957e-01
2.577970737917708588e-01
2.577970737917710253e-01
2.579157545575197497e-01
2.580436699106103404e-01
2.802232171405663608e-01
2.802232171405664718e-01
2.836987243888952070e-01
2.973339707290281186e-01
2.973339707290284517e-01
3.146262275166880062e-01
3.198955809796010241e-01
3.198955809796011351e-01
3.290734723592219635e-01
3.381377419158353437e-01
3.429709186358407824e-01
3.431455274463124372e-01
3.455880513204483973e-01
3.600377000206365086e-01
3.600377000206367861e-01
3.648169011839993425e-01
3.649072822475680211e-01
3.796137576447393136e-01
3.796137576447393691e-01
3.904019452975954763e-01
3.904019452975955873e-01
3.955348644497189703e-01
3.956236991987514551e-01
4.059273878065065566e-01
4.139694347292565135e-01
4.139694347292566245e-01
4.147572740870351105e-01
4.293742519375737254e-01
4.293742519375741140e-01
4.340461015858519955e-01
4.469184429770460265e-01
4.469184429770466926e-01
4.498686013353518920e-01
4.500973412287830322e-01
4.560763374119391478e-01
4.677018371643734684e-01
4.677018371643738570e-01
4.780031386868275334e-01
4.781481569672940690e-01
4.804657415159937495e-01
4.823894009303287267e-01
4.979114542271492194e-01
5.014169298101379679e-01
5.030709568934274012e-01
5.030709568934278453e-01
5.057105798579675238e-01
5.057271528944153882e-01
5.112518044641199966e-01
5.112518044641203296e-01
5.163562884214507598e-01
5.167051613552410272e-01
5.197779166737582779e-01
5.230835007882190801e-01
5.230835007882195242e-01
5.350966135490302644e-01
5.352400330267448325e-01
5.355118572019793577e-01
5.355118572019799128e-01
5.623328169902173101e-01
5.623328169902173101e-01
5.816769103078024417e-01
5.955894288203139597e-01
5.955894288203150699e-01
6.028286961525883836e-01
6.053611775049116961e-01
6.053611775049122512e-01
6.122806091247712246e-01
6.124335003314088643e-01
6.289432096668016170e-01
6.352023478110868648e-01
6.352023478110871979e-01
6.366616292527611520e-01
6.383345592914364541e-01
6.383812632293922595e-01
6.437741346230755335e-01
6.437741346230757555e-01
6.481717467444321201e-01
6.614895666717107714e-01
6.614895666717112155e-01
6.670946842705497426e-01
6.764954547140941132e-01
6.766163168198580102e-01
6.790803619024200488e-01
6.790803619024201598e-01
6.829776454074811820e-01
6.914184655396030665e-01
6.927945174064462641e-01
6.928050080761447571e-01
7.048269981720959310e-01
7.048269981720964861e-01
7.203682270128044518e-01
7.203682270128045628e-01
7.265621331859326570e-01
7.268322140944190046e-01
7.274170019729876424e-01
7.274170019729884196e-01
7.309749726413822257e-01
7.311183414120916435e-01
7.315811094859856478e-01
7.315811094859859809e-01
7.561243242376721740e-01
7.562784858715512204e-01
7.602773452332142190e-01
7.698415000064825486e-01
7.731907090213161471e-01
7.731907090213165912e-01
7.772741980449414667e-01
7.845953577387406730e-01
7.845953577387416722e-01
8.025188550132434928e-01
8.025188550132440479e-01
8.212670706372051654e-01
8.212670706372052765e-01
8.353044692422616491e-01
8.353044692422617601e-01
8.504391354723851437e-01
8.547580297207517663e-01
8.547580297207517663e-01
8.662820637440334925e-01
8.663373802171664417e-01
8.749932093504194652e-01
8.834880624134957561e-01
8.834880624134968663e-01
8.835381025100051966e-01
8.850054112028951092e-01
8.880455973593658348e-01
8.882796275496238625e-01
8.932203011569007645e-01
9.058575429889473840e-01
9.060660512375640074e-01
9.210979385219441040e-01
9.210979385219446591e-01
9.255163705592046597e-01
9.258743414178193243e-01
9.263729137837024563e-01
9.268482839468343837e-01
9.268482839468348278e-01
9.366313902919464196e-01
9.367245356933454614e-01
9.470998096776952480e-01
9.470998096776958031e-01
9.738358467681644814e-01
9.808582957759622856e-01
9.810475915936696101e-01
9.904768911540452470e-01
9.904768911540458021e-01
9.913644946613543452e-01
9.913644946613545672e-01
9.976527767914022959e-01
9.999441532536983424e-01
1.000141664650429751e+00
1.006386659014726792e+00
1.014176693860222800e+00
1.014176693860222800e+00
1.017283009899206503e+00
1.021592670699734917e+00
1.021833053339251451e+00
1.032147786318901472e+00
1.032147786318901472e+00
1.054044644782109685e+00
1.054112238040842753e+00
1.072627531850384397e+00
1.072627531850384619e+00
1.075468810355807436e+00
1.077055796043383085e+00
1.077055796043384195e+00
1.077635132763715475e+00
1.077704682830590954e+00
1.080107576010483683e+00
1.084170717919243465e+00
1.084170717919243687e+00
1.092854818492329239e+00
1.092854818492330127e+00
1.116035209164767172e+00
1.116035209164767394e+00
1.122084530874239983e+00
1.122084530874240649e+00
1.122500457696539389e+00
1.122625422400812756e+00
1.125104486505595247e+00
1.125104486505595913e+00
1.133199069925341584e+00
1.133199069925342473e+00
1.149289984252000130e+00
1.150844503246518880e+00
1.150940899469998113e+00
1.152543917570068244e+00
1.154271189793362851e+00
1.157000148466730938e+00
1.162260566655557215e+00
1.162260566655557437e+00
1.188658061531663979e+00
1.195263527660943348e+00
1.195263527660943792e+00
1.195593592903922309e+00
1.195760748239889315e+00
1.204283082971764562e+00
1.204283082971764784e+00
1.208452133029432662e+00
1.214970291612655906e+00
1.223451586150101411e+00
1.223459638211097378e+00
1.227974730208491794e+00
1.227974730208492238e+00
1.240745782290779919e+00
1.240745782290781696e+00
1.269850283896852394e+00
1.281750066109516251e+00
1.281750066109516473e+00
1.284925606294153866e+00
1.286911036826547505e+00
1.286976986179346749e+00
1.290588005849100162e+00
1.304759961734744511e+00
1.304859620041435520e+00
1.307988733569467543e+00
1.307988733569468875e+00
1.308944762988515587e+00
1.308944762988516253e+00
1.309582964844320019e+00
1.329661052665715104e+00
1.333500311016761142e+00
1.333500311016761142e+00
1.344302748200535857e+00
1.346189201764410148e+00
1.346189201764410370e+00
1.358218015358699127e+00
1.358281998372624200e+00
1.382017051313162881e+00
1.382017051313163325e+00
1.382177255295777396e+00
1.385194465061138747e+00
1.385194465061140523e+00
1.395260900832483442e+00
1.396464667123131331e+00
1.396519433037863411e+00
1.405239803977765600e+00
1.405239803977765600e+00
1.408200306504695298e+00
1.423837152870480294e+00
1.425631949735218118e+00
1.425631949735218784e+00
1.430874994053484617e+00
1.442351974035255280e+00
1.442351974035255724e+00
1.461382051434114260e+00
1.461382051434114926e+00
1.466289735587303467e+00
1.466298672353960608e+00
1.470165555797130041e+00
1.470165555797131152e+00
1.471583057206469203e+00
1.482041303623259365e+00
1.482086888781249723e+00
1.488972555864573888e+00
1.488972555864574776e+00
1.494195238885063226e+00
1.501119464181450924e+00
1.508222180589087413e+00
1.508222180589091632e+00
1.520975805668771441e+00
1.530492827811164025e+00
1.530506836543421123e+00
1.534745103604325145e+00
1.534745103604325145e+00
1.536779447067279536e+00
1.550104296537469173e+00
1.550104296537469839e+00
1.570928570171424843e+00
1.571614966923016832e+00
1.571619895576144232e+00
1.575145476159797164e+00
1.575145476159798497e+00
1.594522554892531918e+00
1.594522554892532140e+00
1.598942598933829506e+00
1.601223955845478164e+00
1.601223955845478386e+00
1.608253190501693464e+00
1.608311610026124994e+00
1.616937350564616294e+00
1.622037603161428754e+00
1.628698776537328863e+00
1.628698776537329085e+00
1.632544321927411612e+00
1.648185393164422141e+00
1.648258856365651726e+00
1.648258856365652836e+00
1.685283434348060938e+00
1.685378208520502241e+00
1.689441381241203244e+00
1.689441381241204354e+00
1.694869386983003601e+00
1.695618628534597550e+00
1.695618628534597994e+00
1.696089840104006541e+00
1.696152760891657785e+00
1.697991317052693683e+00
1.697991317052693683e+00
1.702594184001330779e+00
1.707654664368121189e+00
1.731771454462848858e+00
1.731795037337284127e+00
1.736753953523225702e+00
1.741162239397508138e+00
1.741162239397509470e+00
1.748048717654795858e+00
1.752566139674890611e+00
1.752618791523381736e+00
1.762997816099463710e+00
1.762997816099464599e+00
1.769080721828167446e+00
1.770147821787005471e+00
1.770147821787005915e+00
1.786953511380239945e+00
1.786953511380239945e+00
1.799710030692095009e+00
1.799710030692096119e+00
1.802461931881912172e+00
1.802461931881913504e+00
1.803449264035769994e+00
1.803454249268074960e+00
1.815080653779137076e+00
1.824750166452112632e+00
1.824750166452113742e+00
1.852065608231272975e+00
1.852189282566582884e+00
1.852189282566583328e+00
1.858278105650026601e+00
1.858478869830655356e+00
1.860748846602445106e+00
1.868581021901416506e+00
1.881859911302030230e+00
1.882973460286774703e+00
1.883110207414845139e+00
1.889884765291875102e+00
1.890937930085124119e+00
1.890937930085124563e+00
1.923635203717454445e+00
1.923635203717456443e+00
1.926514939271101623e+00
1.926604881313777939e+00
1.935569363766172168e+00
1.946071809970649102e+00
1.946183428640521074e+00
1.949372025749252169e+00
1.954897241137925290e+00
1.955668715406413627e+00
1.955668715406413627e+00
1.956272329458566217e+00
1.959371888041799625e+00
1.966534046653165779e+00
1.966534046653165779e+00
1.977982622067837148e+00
2.009504793225941555e+00
2.009504793225942443e+00
2.011325895477326764e+00
2.011351598603450253e+00
2.035088077701599829e+00
2.039388652710052430e+00
2.039388652710052874e+00
2.044234361440679493e+00
2.049025542185561655e+00
2.049025542185562543e+00
2.060385280799925223e+00
2.064936507034352164e+00
2.064936507034353053e+00
2.071951930130338848e+00
2.075466558161061403e+00
2.075466558161061847e+00
2.078878932046021699e+00
2.082062049080308785e+00
2.082189311776551754e+00
2.101546758468795240e+00
2.101546758468795240e+00
2.112798059955351082e+00
2.112798059955351970e+00
2.122980566172710137e+00
2.123136204985189401e+00
2.132922838387293130e+00
2.132990111094022367e+00
2.137320147722548747e+00
2.142533894272101058e+00
2.144463573189959504e+00
2.144574523431628688e+00
2.155099020821765521e+00
2.157168752604878392e+00
2.157168752604878392e+00
2.160107722086528348e+00
2.161553569281324361e+00
2.175682323501042514e+00
2.175682323501044291e+00
2.187360504233139658e+00
2.187458359992998425e+00
2.201588119139576083e+00
2.201588119139576971e+00
2.204658169505282483e+00
2.204994120231014154e+00
2.204994120231015486e+00
2.212107820097110711e+00
2.219886497441941664e+00
2.231438040738008777e+00
2.242528849247963141e+00
2.242528849247964029e+00
2.245555379861317036e+00
2.248959555762863882e+00
2.252388417436904877e+00
2.252388417436905321e+00
2.266048961217631330e+00
2.266105783373931093e+00
2.279962265783679332e+00
2.284180567702566833e+00
2.284180567702568165e+00
2.290782444408243190e+00
2.298716518697154321e+00
2.298860118704871613e+00
2.303336037757226062e+00
2.303336037757226062e+00
2.310413793531342019e+00
2.322541714065111673e+00
2.322630364397957337e+00
2.329058231741074181e+00
2.329058231741075069e+00
2.339460890074080091e+00
2.343255319182341090e+00
2.343255319182342422e+00
2.346992772143273509e+00
2.356877156894372050e+00
2.357081316824440886e+00
2.367260463241598778e+00
2.369627056664513898e+00
2.372650399572434399e+00
2.372650399572435287e+00
2.373187902150214690e+00
2.373187902150215134e+00
2.381890001329820539e+00
2.381891970583707607e+00
2.412832590177898417e+00
2.412832590177899306e+00
2.413603421998422149e+00
2.413696966879905315e+00
2.436191130207372879e+00
2.437139298896828343e+00
2.437139298896828343e+00
2.440266660989535819e+00
2.440365416292513245e+00
2.456100033314505993e+00
2.456100033314506437e+00
2.471461654859488100e+00
2.487843176391149935e+00
2.487843176391150823e+00
2.491914845143528456e+00
2.496568789806393518e+00
2.523502642683114860e+00
2.523502642683115749e+00
2.528742207845325662e+00
2.529115253833746912e+00
2.529210338380516454e+00
2.532577568767297116e+00
2.532577568767297560e+00
2.552372835206998314e+00
2.556612539024259334e+00
2.563024962188086953e+00
2.563024962188087397e+00
2.574679061312941997e+00
2.581324896854950701e+00
2.581369720672793910e+00
2.605804846919751228e+00
2.605804846919752560e+00
2.612022900277330084e+00
2.620538579387182487e+00
2.620538579387182487e+00
2.624375102833999218e+00
2.653324118105235829e+00
2.653324118105236273e+00
2.657528923499065776e+00
2.657538493744902475e+00
2.663700644359116243e+00
2.664006682843182539e+00
2.674378099587993773e+00
2.674378099587994218e+00
2.684260158374164540e+00
2.685081002781821269e+00
2.685081002781821713e+00
2.703669038633145671e+00
2.703669038633146116e+00
2.709118934298420101e+00
2.709142156248937283e+00
2.709794727249848822e+00
2.721288258424546136e+00
2.730588224210877879e+00
2.730588224210878323e+00
2.733593317900324227e+00
2.733593317900325115e+00
2.733980547824854224e+00
2.741664249040139278e+00
2.745910196977527917e+00
2.746218873051317289e+00
2.746218873051317733e+00
2.763936148419300132e+00
2.764262369098961614e+00
2.764723355267296068e+00
2.786790688381639125e+00
2.786790688381641790e+00
2.805183924666962980e+00
2.805274179193943063e+00
2.805274179193943951e+00
2.805406353800849129e+00
2.845004318523667752e+00
2.845182626395112102e+00
2.853687394626653440e+00
2.864084201568244392e+00
2.867084179874324512e+00
2.867084179874325400e+00
2.875551635592371813e+00
2.875551635592372257e+00
2.887775343390251770e+00
2.896883178168795592e+00
2.896883178168796480e+00
2.906766422150757645e+00
2.906872651224036819e+00
2.910377677882686864e+00
2.915214249898323562e+00
2.915214249898324450e+00
2.923224079835735179e+00
2.925295299601888388e+00
2.925295299601888832e+00
2.946298933247719631e+00
2.946298933247720075e+00
2.953516424633934712e+00
2.977998194132400300e+00
2.977998194132401188e+00
2.991142557686625292e+00
2.991210945075033045e+00
2.993056929909988284e+00
3.008786589049365467e+00
3.014905447610276568e+00
3.014905447610278344e+00
3.033391539298961437e+00
3.033728571822080777e+00
3.033811706540369357e+00
3.034031198867447543e+00
3.034031198867448875e+00
3.039922297880022661e+00
3.039922297880023105e+00
3.041469474298908349e+00
3.041684163072240210e+00
3.055865152345569768e+00
3.067076031914555578e+00
3.067135833590995730e+00
3.067710591695515188e+00
3.067710591695516520e+00
3.071975463523966887e+00
3.071975463523968219e+00
3.083940085292745881e+00
3.115580434315295744e+00
3.115580434315296188e+00
3.127694780259912211e+00
3.139902839530491985e+00
3.139951801827405298e+00
3.151997345407460127e+00
3.152268109885115965e+00
3.152268109885117298e+00
3.159364355240363409e+00
3.159364355240363853e+00
3.179375723208120785e+00
3.183499257541788197e+00
3.183529943294288955e+00
3.193426635408763925e+00
3.204433784910639016e+00
3.204489182661478974e+00
3.206649716880715317e+00
3.206649716880717094e+00
3.210248098157168606e+00
3.210248098157175267e+00
3.215273698769915978e+00
3.233651286602674535e+00
3.241909124840950618e+00
3.242039752313627510e+00
3.245218176367607565e+00
3.252359187417497743e+00
3.252359187417498188e+00
3.258751350497267385e+00
3.258751350497268273e+00
3.259958727713307525e+00
3.260066320260766926e+00
3.285175355937012487e+00
3.285175355937013375e+00
3.293094678197990177e+00
3.300601434125506550e+00
3.300601434125506994e+00
3.306441391693812459e+00
3.306441391693812903e+00
3.309944098380856126e+00
3.316433141677131768e+00
3.341606560740960852e+00
3.349474362186642740e+00
3.349521115809932947e+00
3.366956073903458968e+00
3.366956073903459856e+00
3.367926327501367556e+00
3.367926327501368000e+00
3.371932459272138249e+00
3.372000781366011335e+00
3.376632489741969056e+00
3.384166173781566034e+00
3.384166173781567366e+00
3.387016661194401479e+00
3.413362940097217191e+00
3.413362940097217635e+00
3.416512756599955569e+00
3.416512756599956457e+00
3.421747843598896832e+00
3.440085853972344232e+00
3.453709596980286900e+00
3.454607668963024736e+00
3.454607668963025180e+00
3.464049107112715298e+00
3.464060922189637459e+00
3.488170833637356250e+00
3.488365246695630084e+00
3.496807848494299709e+00
3.496807848494300597e+00
3.502986152739429482e+00
3.503008495103191233e+00
3.507222828433731898e+00
3.520851838924341504e+00
3.528051081212419948e+00
3.528051081212419948e+00
3.529916554991458622e+00
3.529916554991459510e+00
3.537261991600854749e+00
3.583366122725491820e+00
3.583366122725493597e+00
3.589963319164438005e+00
3.592686518468775958e+00
3.592686518468775958e+00
3.621430973591221125e+00
3.621430973591221125e+00
3.625438357034772352e+00
3.625597612003913728e+00
3.626919885192978033e+00
3.634531784625095074e+00
3.634531784625096851e+00
3.677560022094415348e+00
3.677560022094415348e+00
3.687057683983984813e+00
3.687243078599931501e+00
3.690720783448692810e+00
3.702300864319782558e+00
3.702300864319785223e+00
3.709359371478524903e+00
3.721301315502385965e+00
3.722825203618705281e+00
3.722825203618705281e+00
3.725029193963969032e+00
3.734731080616795040e+00
3.737408461611841926e+00
3.737853401655667263e+00
3.741233679953853031e+00
3.741233679953853919e+00
3.742834922764658234e+00
3.742834922764659122e+00
3.767082764850443688e+00
3.770483356051627322e+00
3.774627425823384730e+00
3.774839138735751831e+00
3.801326345920171601e+00
3.801326345920173377e+00
3.829233402928113428e+00
3.835816097307675143e+00
3.835816097307676031e+00
3.850035331866795474e+00
3.850035331866796806e+00
3.857050609635849892e+00
3.857058857765805371e+00
3.861310782463339031e+00
3.881066042878716704e+00
3.890122072026403810e+00
3.890122072026404698e+00
3.904921786271220885e+00
3.905676790625393302e+00
3.906440309031714797e+00
3.906440309031714797e+00
3.913918730812107061e+00
3.923395319805308201e+00
3.923395319805309978e+00
3.951926721481607174e+00
3.951926721481608062e+00
3.952825292869696749e+00
3.952895798011575756e+00
3.978591901271804954e+00
4.002957524126811606e+00
4.003050191187447204e+00
4.008190890504570447e+00
4.014902437888478559e+00
4.014902437888479447e+00
4.036267652494786695e+00
4.036267652494786695e+00
4.066009325135309105e+00
4.076749709032735147e+00
4.076868436040197885e+00
4.090358287205429377e+00
4.090358287205432042e+00
4.096092118746192057e+00
4.096833679792014848e+00
4.114253583698745942e+00
4.124918117331716871e+00
4.134721710242103221e+00
4.134721710242103221e+00
4.141642268179627884e+00
4.141642268179627884e+00
4.153998163534216026e+00
4.153998163534216026e+00
4.165706774193996154e+00
4.165833815681389218e+00
4.185667386919020849e+00
4.185667386919021737e+00
4.190955021692199800e+00
4.191104494593775875e+00
4.205933867825719652e+00
4.205933867825719652e+00
4.229858986714039482e+00
4.246230401203667348e+00
4.246230401203668237e+00
4.257746116509413703e+00
4.272338596336645367e+00
4.272385344630332149e+00
4.286808982597246853e+00
4.288314338893775890e+00
4.288456347299843152e+00
4.295937803466840066e+00
4.295937803466840954e+00
4.314570089730271896e+00
4.314570089730275448e+00
4.325785346885465010e+00
4.330446947844361461e+00
4.339845147031704542e+00
4.340152513437631754e+00
4.340354473029583104e+00
4.351264054921600177e+00
4.372936343012348459e+00
4.372936343012349347e+00
4.377093338163128067e+00
4.377179840157857882e+00
4.403796739400797300e+00
4.403821347595231472e+00
4.409286240591575812e+00
4.409286240591576700e+00
4.409311591857524526e+00
4.411177852278562739e+00
4.435780379448757138e+00
4.440011088498188485e+00
4.440235519857814950e+00
4.455321154132485972e+00
4.455321154132486861e+00
4.456003875825594207e+00
4.481656652534034002e+00
4.481656652534034890e+00
4.490620002081797679e+00
4.504843449126701316e+00
4.504843449126702204e+00
4.516471238912016517e+00
4.516498986982637298e+00
4.558106342180330728e+00
4.565690280037357773e+00
4.567320318877341911e+00
4.567320318877341911e+00
4.580887671098839320e+00
4.581032444529483882e+00
4.591936837451018327e+00
4.595451883150126982e+00
4.595451883150126982e+00
4.601489774454315729e+00
4.602828010067665510e+00
4.602950580895879718e+00
4.605750550576027891e+00
4.611197064525676126e+00
4.611197064525676126e+00
4.630663241155497545e+00
4.651823718519670692e+00
4.651932380117604460e+00
4.660537733502787106e+00
4.687509457810412172e+00
4.687509457810413060e+00
4.706837139571699247e+00
4.706837139571701023e+00
4.722551927052192511e+00
4.728540582800892622e+00
4.766144176690188417e+00
4.766144176690190193e+00
4.807014533216985797e+00
4.813457446759758618e+00
4.813569617568037806e+00
4.837142266837867410e+00
4.842046144113188788e+00
4.842046144113191453e+00
4.858632863908865396e+00
4.866225037251284746e+00
4.889632987786634466e+00
4.889674879023567122e+00
4.896793524367931028e+00
4.896793524367932804e+00
4.898073560024990947e+00
4.898073560024990947e+00
4.923500609027628094e+00
4.962271268364078836e+00
4.962321568447725539e+00
4.968362828684632859e+00
4.971748686126538530e+00
4.996996629731812689e+00
4.997092538350953461e+00
4.998028636226198529e+00
4.998028636226198529e+00
5.021609500154374572e+00
5.021609500154376349e+00
5.025048144799530547e+00
5.028972850675166306e+00
5.028972850675168971e+00
5.047422501280510510e+00
5.047422501280520279e+00
5.076581153942368196e+00
5.081041456252441968e+00
5.102246770928533515e+00
5.102246770928534403e+00
5.123430642220815123e+00
5.123832660784035653e+00
5.141904334945959221e+00
5.141904334945960109e+00
5.152486577344266294e+00
5.152486577344268959e+00
5.186824195466104293e+00
5.186824195466106069e+00
5.212713982772302579e+00
5.212713982772302579e+00
5.246007790447023922e+00
5.246156143572356712e+00
5.246694853671232117e+00
5.246793937443050559e+00
5.250825135980331737e+00
5.263400599674483260e+00
5.272122370603264940e+00
5.272122370603264940e+00
5.287223680293294592e+00
5.315484049639626285e+00
5.334571910236197922e+00
5.334571910236198811e+00
5.338556907944645324e+00
5.357789132095886586e+00
5.357789132095889251e+00
5.373038240066438043e+00
5.373303295854703343e+00
5.391696567912734217e+00
5.391696567912735105e+00
5.404882789703168378e+00
5.404882789703169266e+00
5.416481134236588169e+00
5.416571002540301549e+00
5.435512603930781950e+00
5.499844963428778044e+00
5.499844963428778044e+00
5.514136237030426102e+00
5.514136237030428767e+00
5.520092038263873846e+00
5.522087318602753037e+00
5.522124051759312202e+00
5.530188775649603983e+00
5.540554068061432247e+00
5.540554068061432247e+00
5.557921750127158056e+00
5.557921750127158944e+00
5.585075967284903520e+00
5.599226096183393508e+00
5.599420223182244527e+00
5.615278394777325488e+00
5.615278394777325488e+00
5.643837808007300616e+00
5.643837808007300616e+00
5.666391613016243056e+00
5.666391613016243944e+00
5.706088468315150486e+00
5.712729495459995199e+00
5.712844198220569325e+00
5.714219055508785949e+00
5.714219055508785949e+00
5.737371859979353950e+00
5.737371859979353950e+00
5.757141773357338899e+00
5.792758454895778009e+00
5.808302740994139235e+00
5.808302740994140123e+00
5.831171048016706493e+00
5.831171048016707381e+00
5.850713187517353475e+00
5.850791758743596027e+00
5.885151705953638235e+00
5.908972678618143348e+00
5.917748041577547191e+00
5.917748041577547191e+00
5.937627500754184773e+00
5.937627500754186549e+00
5.947787144803699633e+00
5.983787702546465859e+00
5.983810009113208928e+00
6.060639440798317068e+00
6.060639440798319733e+00
6.072810886868530211e+00
6.073830047029981749e+00
6.074098562780950950e+00
6.082987445856409714e+00
6.101620701567131988e+00
6.107490624776968247e+00
6.107490624776970023e+00
6.181713234206442920e+00
6.181713234206444696e+00
6.195652695742073668e+00
6.207305116784605836e+00
6.207468249403781613e+00
6.256570155445905890e+00
6.256570155445911219e+00
6.259070960818356788e+00
6.259254509317454307e+00
6.310383198038350905e+00
6.311533706697982637e+00
6.311533706697983526e+00
6.375211429436001609e+00
6.435873539119939757e+00
6.439876583862639059e+00
6.439876583862642612e+00
6.449962288187879089e+00
6.450046358028168392e+00
6.501008435271926622e+00
6.501008435271927510e+00
6.519748590273170663e+00
6.547601547366546981e+00
6.547601547366549646e+00
6.549601020124121042e+00
6.549724007871126297e+00
6.607678857008511208e+00
6.607678857008511208e+00
6.613856721916989478e+00
6.618888402439767837e+00
6.618924192981055832e+00
6.634735107830951328e+00
6.634793982410906565e+00
6.639995658101878639e+00
6.657139034110999276e+00
6.657139034111001052e+00
6.662161236003964149e+00
6.682136558902583623e+00
6.701983139486912933e+00
6.702118775900084202e+00
6.714876546936340063e+00
6.746167493671812565e+00
6.746167493671813453e+00
6.771620176800252189e+00
6.825719883303070112e+00
6.825737895793746013e+00
6.836064215321456139e+00
6.842740474052971145e+00
6.842740474052972033e+00
6.887336767913324387e+00
6.892487254457930312e+00
6.932774080693882013e+00
6.954451732679104659e+00
6.954451732679106435e+00
6.990417739504308337e+00
6.990489834886686182e+00
6.991053777921955259e+00
7.053174894104511594e+00
7.053174894104515147e+00
7.123527079738790846e+00
7.176355896108232102e+00
7.176525559374090868e+00
7.246999789561692218e+00
7.246999789561696659e+00
7.355301162830156336e+00
7.355657652773131439e+00
7.362149763487146004e+00
7.362149763487146892e+00
7.399471896248097202e+00
7.399471896248097202e+00
7.454786441631251925e+00
7.454786441631253702e+00
7.516535511332386399e+00
7.519173311110736613e+00
7.519173311110741942e+00
7.590905277805402918e+00
7.590905277805405582e+00
7.704723892987475509e+00
7.754732071483489086e+00
7.790162453167119416e+00
7.790197620291271718e+00
7.790288147728175794e+00
7.790288147728179347e+00
7.830380031406994235e+00
7.830380031406997787e+00
7.846084420879232191e+00
7.846084420879232191e+00
7.960682272553688321e+00
7.960682272553694538e+00
8.001001331522720861e+00
8.001014048842007398e+00
8.012013539472137680e+00
8.012013539472137680e+00
8.105789615109006974e+00
8.215170777772099697e+00
8.267311577666108136e+00
8.438002460690119833e+00
8.524133948862859356e+00
8.524175475748057451e+00
8.587771195575218286e+00
8.591927250831192353e+00
8.742948859862563538e+00
8.818450825324504194e+00
8.822755340254639478e+00
8.822875029260531576e+00
8.845234060330179560e+00
8.845234060330184889e+00
8.942529595664293396e+00
8.967974379280949648e+00
8.968183564469912383e+00
9.161944792995637243e+00
9.170263984374598110e+00
9.170263984374598110e+00
9.420141483570528607e+00
9.420141483570535712e+00
9.706778217394274932e+00
9.720440031282320703e+00
9.720440031282322479e+00
9.783715767062103552e+00
9.783715767062108881e+00
9.937565160869205272e+00
9.937642247099869763e+00
1.018368661939120656e+01
1.066614673732913232e+01
